cam0:
  cam_overlaps: [1]
  camera_model: pinhole
  distortion_coeffs: [0.3595682049211609, 0.2799452613167447, -0.005572845182351773, 0.005589078008178134]
  distortion_model: radtan
  intrinsics: [596.7375826739508, 597.0778377216482, 329.3072579090607, 237.31223320757667]
  resolution: [640, 480]
  rostopic: /oak_d_lite/left/image_mono/compressed
cam1:
  T_cn_cnm1:
  - [0.9999696225471487, 0.004164140687029577, -0.006588923678911082, -0.07450866484484225]
  - [-0.004169831872755054, 0.9999909447485973, -0.0008502487611280894, -0.00027775177542922063]
  - [0.006585323459090403, 0.0008776976366999126, 0.9999779313373834, -0.0008551555681102787]
  - [0.0, 0.0, 0.0, 1.0]
  cam_overlaps: [0]
  camera_model: pinhole
  distortion_coeffs: [0.35533974338967517, 0.33185241198948917, -0.00031781526627002723, 0.0012753847775669]
  distortion_model: radtan
  intrinsics: [592.3760711649045, 592.8996741853884, 311.10959871616603, 244.7667424793336]
  resolution: [640, 480]
  rostopic: /oak_d_lite/right/image_mono/compressed
